# YOLOv5 Hyperparameter Evolution Results
# Best generation: 2
# Last generation: 12
#    metrics/precision,       metrics/recall,      metrics/mAP_0.5, metrics/mAP_0.5:0.95,         val/box_loss,         val/obj_loss,         val/cls_loss
#              0.73577,              0.73937,              0.77775,              0.63753,              0.01564,             0.049608,             0.012861

lr0: 0.01
lrf: 0.01
momentum: 0.98
weight_decay: 0.0005
warmup_epochs: 3.0
warmup_momentum: 0.8
warmup_bias_lr: 0.09732
box: 0.041
cls: 0.65476
cls_pw: 0.88228
obj: 1.0718
obj_pw: 0.90636
iou_t: 0.2
anchor_t: 3.7979
fl_gamma: 0.0
hsv_h: 0.01819
hsv_s: 0.55844
hsv_v: 0.40467
degrees: 0.0
translate: 0.14313
scale: 0.62416
shear: 0.0
perspective: 0.0
flipud: 0.0
fliplr: 0.5
mosaic: 1.0
mixup: 0.0
copy_paste: 0.0
anchors: 3.3721
